image: office_map.pgm
resolution: 0.050000
origin: [-3.034495, -1.987774, 0.000000]
negate: 0
occupied_thresh: 0.65
free_thresh: 0.196

